{
  "advancedEditorSelectedIdentifier" : "ProjectBrowser",
  "openSceneRelativePaths" : [
    "Earth.usda",
    "Satellite\/Satellite.exported_compressed.usdc",
    "Sun\/Sun.exported_compressed.usdc"
  ],
  "recentIdentifiers" : {
    "6AF421D5-F098-4D35-8830-F4BB228EF79A" : [

    ]
  },
  "sceneCameraHistory" : {
    "1DD6C655-F7F0-4ED6-B8C6-775139BFF2A8" : [
      {
        "date" : 709286441.48437095,
        "title" : "Untitled",
        "transform" : [
          -0.2715705931186676,
          7.3678103618135538e-09,
          0.96241849660873413,
          0,
          0.72818994522094727,
          0.65384912490844727,
          0.2054770439863205,
          0,
          -0.62927645444869995,
          0.75662505626678467,
          -0.17756614089012146,
          0,
          -1.1506363153457642,
          1.3835611343383789,
          -0.32518067955970764,
          1
        ]
      },
      {
        "date" : 709286430.63882506,
        "title" : "Untitled",
        "transform" : [
          1,
          0,
          -0,
          0,
          -0,
          0.86602538824081421,
          -0.50000005960464478,
          0,
          0,
          0.50000005960464478,
          0.86602538824081421,
          0,
          5.5946409702301025e-05,
          1.7205363512039185,
          2.9795725345611572,
          1
        ]
      }
    ],
    "5DF31FBF-B20E-462E-A857-0A0C07099242" : [
      {
        "date" : 709286511.09312403,
        "title" : "Untitled",
        "transform" : [
          -0.64360010623931885,
          3.1755469365180033e-09,
          0.7653619647026062,
          0,
          0.39167818427085876,
          0.85913121700286865,
          0.32936590909957886,
          0,
          -0.65754634141921997,
          0.51175546646118164,
          -0.55293691158294678,
          0,
          -0.68496179580688477,
          0.53309059143066406,
          -0.57599079608917236,
          1
        ]
      },
      {
        "date" : 709286505.88609505,
        "title" : "Untitled",
        "transform" : [
          1,
          0,
          -0,
          0,
          -0,
          0.86602497100830078,
          -0.5000007152557373,
          0,
          0,
          0.5000007152557373,
          0.86602497100830078,
          0,
          -2.9802320611338473e-08,
          2.0682199001312256,
          3.5822634696960449,
          1
        ]
      }
    ],
    "6AF421D5-F098-4D35-8830-F4BB228EF79A" : [
      {
        "date" : 709286398.701527,
        "title" : "Untitled",
        "transform" : [
          -0.14014062285423279,
          -7.8781781098768988e-10,
          -0.99013161659240723,
          0,
          -0.45487257838249207,
          0.88822627067565918,
          0.064381435513496399,
          0,
          0.87946087121963501,
          0.45940619707107544,
          -0.12447655200958252,
          0,
          2.2989492416381836,
          1.3389014005661011,
          -0.29847216606140137,
          1
        ]
      },
      {
        "date" : 709286380.56631398,
        "title" : "Untitled",
        "transform" : [
          1,
          0,
          -0,
          0,
          -0,
          0.86602455377578735,
          -0.50000149011611938,
          0,
          0,
          0.50000149011611938,
          0.86602455377578735,
          0,
          5.9604644775390625e-08,
          2.7093532085418701,
          4.6927375793457031,
          1
        ]
      },
      {
        "date" : 709286379.090114,
        "title" : "Untitled",
        "transform" : [
          1,
          0,
          -0,
          0,
          -0,
          0.86602550745010376,
          -0.49999982118606567,
          0,
          0,
          0.49999982118606567,
          0.86602550745010376,
          0,
          0,
          0.18062321841716766,
          0.31284859776496887,
          1
        ]
      }
    ],
    "A001C904-96A3-4BF4-9073-10051D097045" : [
      {
        "date" : 709286485.62233305,
        "title" : "Untitled",
        "transform" : [
          0.96772176027297974,
          -1.136780269916926e-08,
          0.25202089548110962,
          0,
          0.14822593331336975,
          0.80875217914581299,
          -0.56916505098342896,
          0,
          -0.20382247865200043,
          0.58814942836761475,
          0.78264719247817993,
          0,
          -0.018385834991931915,
          0.028154212981462479,
          0.027698146179318428,
          1
        ]
      },
      {
        "date" : 709286470.77618694,
        "title" : "Untitled",
        "transform" : [
          0.9984394907951355,
          -1.0605936573426789e-08,
          -0.055841792374849319,
          0,
          -0.00086216413183137774,
          0.99988079071044922,
          -0.01541481725871563,
          0,
          0.055835135281085968,
          0.015438860282301903,
          0.99832051992416382,
          0,
          -0.0084544876590371132,
          0.0049273883923888206,
          0.042451485991477966,
          1
        ]
      },
      {
        "date" : 709286449.273507,
        "title" : "Untitled",
        "transform" : [
          1,
          0,
          -0,
          0,
          -0,
          0.86602544784545898,
          -0.49999994039535522,
          0,
          0,
          0.49999994039535522,
          0.86602544784545898,
          0,
          0,
          0.27093505859375,
          0.46927335858345032,
          1
        ]
      }
    ]
  },
  "selectedSceneRelativePath" : "Earth.usda"
}