{
  "advancedEditorSelectedIdentifier" : "ProjectBrowser",
  "openSceneRelativePaths" : [
    "Immersive.usda",
    "Scene.usda"
  ],
  "recentIdentifiers" : {

  },
  "sceneCameraHistory" : {
    "AF09ED6F-1707-48FD-8720-65B998362C09" : [
      {
        "date" : 714637129.84243405,
        "title" : "Untitled",
        "transform" : [
          0.92066913843154907,
          -1.2227440393530742e-08,
          0.39034381508827209,
          0,
          0.15851309895515442,
          0.91383492946624756,
          -0.37387067079544067,
          0,
          -0.3567098081111908,
          0.4060857892036438,
          0.84133964776992798,
          0,
          -1.0121290683746338,
          2.082791805267334,
          -0.29199934005737305,
          1
        ]
      },
      {
        "date" : 714637127.13205004,
        "title" : "Untitled",
        "transform" : [
          0.92066913843154907,
          -7.8098576494767258e-09,
          0.39034384489059448,
          0,
          0.15851311385631561,
          0.91383492946624756,
          -0.37387070059776306,
          0,
          -0.35670983791351318,
          0.40608581900596619,
          0.84133964776992798,
          0,
          -0.61078333854675293,
          1.5944702625274658,
          -1.2263801097869873,
          1
        ]
      },
      {
        "date" : 714637122.76507103,
        "title" : "Untitled",
        "transform" : [
          0.92066913843154907,
          -8.1468041202015229e-09,
          0.39034387469291687,
          0,
          0.15851309895515442,
          0.91383486986160278,
          -0.37387070059776306,
          0,
          -0.35670974850654602,
          0.40608564019203186,
          0.84133970737457275,
          0,
          -0.3821222186088562,
          2.0740833282470703,
          0.26945090293884277,
          1
        ]
      },
      {
        "date" : 714637050.49824297,
        "title" : "Untitled",
        "transform" : [
          0.92066913843154907,
          -8.1468041202015229e-09,
          0.39034387469291687,
          0,
          0.15851309895515442,
          0.91383486986160278,
          -0.37387070059776306,
          0,
          -0.35670974850654602,
          0.40608564019203186,
          0.84133970737457275,
          0,
          -0.41662886738777161,
          1.906030535697937,
          -0.24852469563484192,
          1
        ]
      },
      {
        "date" : 714637026.15983605,
        "title" : "Untitled",
        "transform" : [
          0.92066913843154907,
          -8.1468041202015229e-09,
          0.39034387469291687,
          0,
          0.15851309895515442,
          0.91383486986160278,
          -0.37387070059776306,
          0,
          -0.35670974850654602,
          0.40608564019203186,
          0.84133970737457275,
          0,
          -0.41294324398040771,
          1.9018347263336182,
          -0.25721776485443115,
          1
        ]
      },
      {
        "date" : 714637024.77386296,
        "title" : "Untitled",
        "transform" : [
          0.92066913843154907,
          -8.1468041202015229e-09,
          0.39034387469291687,
          0,
          0.15851309895515442,
          0.91383486986160278,
          -0.37387070059776306,
          0,
          -0.35670974850654602,
          0.40608564019203186,
          0.84133970737457275,
          0,
          -0.29763877391815186,
          1.7705696821212769,
          -0.52917623519897461,
          1
        ]
      },
      {
        "date" : 714637019.80722404,
        "title" : "Untitled",
        "transform" : [
          0.92066913843154907,
          -8.1468041202015229e-09,
          0.39034387469291687,
          0,
          0.15851309895515442,
          0.91383486986160278,
          -0.37387070059776306,
          0,
          -0.35670974850654602,
          0.40608564019203186,
          0.84133970737457275,
          0,
          -0.69648563861846924,
          2.2171707153320312,
          0.11615753173828125,
          1
        ]
      },
      {
        "date" : 714636958.21624303,
        "title" : "Untitled",
        "transform" : [
          0.93356460332870483,
          -1.1291920287703761e-08,
          0.35840919613838196,
          0,
          0.093115068972110748,
          0.96566212177276611,
          -0.24254108965396881,
          0,
          -0.34610208868980408,
          0.25980085134506226,
          0.90150803327560425,
          0,
          -0.44481390714645386,
          1.9535483121871948,
          0.2644277811050415,
          1
        ]
      },
      {
        "date" : 714569655.31532395,
        "title" : "Untitled",
        "transform" : [
          0.9959341287612915,
          -9.3326946171146119e-09,
          -0.09008461982011795,
          0,
          -0.068525388836860657,
          0.64913016557693481,
          -0.75758457183837891,
          0,
          0.058476775884628296,
          0.76067721843719482,
          0.64649093151092529,
          0,
          0.24555513262748718,
          4.5665860176086426,
          1.3612587451934814,
          1
        ]
      },
      {
        "date" : 714569624.99931204,
        "title" : "Untitled",
        "transform" : [
          0.97937166690826416,
          -9.4660581595462645e-09,
          0.20206674933433533,
          0,
          0.091572843492031097,
          0.89141833782196045,
          -0.44383302330970764,
          0,
          -0.18012592196464539,
          0.45318111777305603,
          0.87303006649017334,
          0,
          -0.74503743648529053,
          3.2719953060150146,
          2.0689430236816406,
          1
        ]
      }
    ],
    "D66134B1-3681-4A8E-AFE5-29F257229F3B" : [
      {
        "date" : 714637140.11904895,
        "title" : "Untitled",
        "transform" : [
          1,
          0,
          0,
          0,
          0,
          0.86602544784545898,
          -0.49999994039535522,
          0,
          0,
          0.49999994039535522,
          0.86602544784545898,
          0,
          0,
          0.080037273466587067,
          0.16171689331531525,
          1
        ]
      },
      {
        "date" : 714637138.562428,
        "title" : "Untitled",
        "transform" : [
          1,
          0,
          -0,
          0,
          -0,
          0.86602544784545898,
          -0.49999994039535522,
          0,
          0,
          0.49999994039535522,
          0.86602544784545898,
          0,
          0,
          0.062669947743415833,
          0.12671266496181488,
          1
        ]
      },
      {
        "date" : 714637134.20603895,
        "title" : "Untitled",
        "transform" : [
          1,
          0,
          -0,
          0,
          -0,
          0.86602544784545898,
          -0.49999994039535522,
          0,
          0,
          0.49999994039535522,
          0.86602544784545898,
          0,
          0,
          0.21326723694801331,
          0.36958977580070496,
          1
        ]
      }
    ]
  },
  "selectedSceneRelativePath" : "Scene.usda"
}