{
  "advancedEditorSelectedIdentifier" : "ProjectBrowser",
  "openSceneRelativePaths" : [
    "Immersive.usda",
    "Scene.usda"
  ],
  "recentIdentifiers" : {
    "AF09ED6F-1707-48FD-8720-65B998362C09" : [

    ]
  },
  "sceneCameraHistory" : {
    "AF09ED6F-1707-48FD-8720-65B998362C09" : [
      {
        "date" : 714637129.842434,
        "title" : "Untitled",
        "transform" : [
          0.92066914,
          -1.222744e-08,
          0.39034382,
          0,
          0.1585131,
          0.9138349,
          -0.37387067,
          0,
          -0.3567098,
          0.4060858,
          0.84133965,
          0,
          -1.0121291,
          2.0827918,
          -0.29199934,
          1
        ]
      },
      {
        "date" : 714637127.13205,
        "title" : "Untitled",
        "transform" : [
          0.92066914,
          -7.809858e-09,
          0.39034384,
          0,
          0.15851311,
          0.9138349,
          -0.3738707,
          0,
          -0.35670984,
          0.40608582,
          0.84133965,
          0,
          -0.61078334,
          1.5944703,
          -1.2263801,
          1
        ]
      },
      {
        "date" : 714637122.765071,
        "title" : "Untitled",
        "transform" : [
          0.92066914,
          -8.146804e-09,
          0.39034387,
          0,
          0.1585131,
          0.91383487,
          -0.3738707,
          0,
          -0.35670975,
          0.40608564,
          0.8413397,
          0,
          -0.38212222,
          2.0740833,
          0.2694509,
          1
        ]
      },
      {
        "date" : 714637050.498243,
        "title" : "Untitled",
        "transform" : [
          0.92066914,
          -8.146804e-09,
          0.39034387,
          0,
          0.1585131,
          0.91383487,
          -0.3738707,
          0,
          -0.35670975,
          0.40608564,
          0.8413397,
          0,
          -0.41662887,
          1.9060305,
          -0.2485247,
          1
        ]
      },
      {
        "date" : 714637026.159836,
        "title" : "Untitled",
        "transform" : [
          0.92066914,
          -8.146804e-09,
          0.39034387,
          0,
          0.1585131,
          0.91383487,
          -0.3738707,
          0,
          -0.35670975,
          0.40608564,
          0.8413397,
          0,
          -0.41294324,
          1.9018347,
          -0.25721776,
          1
        ]
      },
      {
        "date" : 714637024.773863,
        "title" : "Untitled",
        "transform" : [
          0.92066914,
          -8.146804e-09,
          0.39034387,
          0,
          0.1585131,
          0.91383487,
          -0.3738707,
          0,
          -0.35670975,
          0.40608564,
          0.8413397,
          0,
          -0.29763877,
          1.7705697,
          -0.52917624,
          1
        ]
      },
      {
        "date" : 714637019.807224,
        "title" : "Untitled",
        "transform" : [
          0.92066914,
          -8.146804e-09,
          0.39034387,
          0,
          0.1585131,
          0.91383487,
          -0.3738707,
          0,
          -0.35670975,
          0.40608564,
          0.8413397,
          0,
          -0.69648564,
          2.2171707,
          0.11615753,
          1
        ]
      },
      {
        "date" : 714636958.216243,
        "title" : "Untitled",
        "transform" : [
          0.9335646,
          -1.129192e-08,
          0.3584092,
          0,
          0.09311507,
          0.9656621,
          -0.24254109,
          0,
          -0.3461021,
          0.25980085,
          0.90150803,
          0,
          -0.4448139,
          1.9535483,
          0.26442778,
          1
        ]
      },
      {
        "date" : 714569655.315324,
        "title" : "Untitled",
        "transform" : [
          0.9959341,
          -9.332695e-09,
          -0.09008462,
          0,
          -0.06852539,
          0.64913017,
          -0.7575846,
          0,
          0.058476776,
          0.7606772,
          0.64649093,
          0,
          0.24555513,
          4.566586,
          1.3612587,
          1
        ]
      },
      {
        "date" : 714569624.999312,
        "title" : "Untitled",
        "transform" : [
          0.97937167,
          -9.466058e-09,
          0.20206675,
          0,
          0.09157284,
          0.89141834,
          -0.44383302,
          0,
          -0.18012592,
          0.45318112,
          0.87303007,
          0,
          -0.74503744,
          3.2719953,
          2.068943,
          1
        ]
      }
    ],
    "D66134B1-3681-4A8E-AFE5-29F257229F3B" : [
      {
        "date" : 714637140.119049,
        "title" : "Untitled",
        "transform" : [
          1,
          0,
          0,
          0,
          0,
          0.86602545,
          -0.49999994,
          0,
          0,
          0.49999994,
          0.86602545,
          0,
          0,
          0.08003727,
          0.1617169,
          1
        ]
      },
      {
        "date" : 714637138.562428,
        "title" : "Untitled",
        "transform" : [
          1,
          0,
          -0,
          0,
          -0,
          0.86602545,
          -0.49999994,
          0,
          0,
          0.49999994,
          0.86602545,
          0,
          0,
          0.06266995,
          0.12671266,
          1
        ]
      },
      {
        "date" : 714637134.206039,
        "title" : "Untitled",
        "transform" : [
          1,
          0,
          -0,
          0,
          -0,
          0.86602545,
          -0.49999994,
          0,
          0,
          0.49999994,
          0.86602545,
          0,
          0,
          0.21326724,
          0.36958978,
          1
        ]
      }
    ]
  },
  "selectedSceneRelativePath" : "Immersive.usda"
}