{
  "advancedEditorSelectedIdentifier" : "ProjectBrowser",
  "openSceneRelativePaths" : [
    "Immersive.usda"
  ],
  "recentIdentifiers" : {

  },
  "sceneCameraHistory" : {
    "AF09ED6F-1707-48FD-8720-65B998362C09" : [
      {
        "date" : 714569655.31532395,
        "title" : "Untitled",
        "transform" : [
          0.9959341287612915,
          -9.3326946171146119e-09,
          -0.09008461982011795,
          0,
          -0.068525388836860657,
          0.64913016557693481,
          -0.75758457183837891,
          0,
          0.058476775884628296,
          0.76067721843719482,
          0.64649093151092529,
          0,
          0.24555513262748718,
          4.5665860176086426,
          1.3612587451934814,
          1
        ]
      },
      {
        "date" : 714569624.99931204,
        "title" : "Untitled",
        "transform" : [
          0.97937166690826416,
          -9.4660581595462645e-09,
          0.20206674933433533,
          0,
          0.091572843492031097,
          0.89141833782196045,
          -0.44383302330970764,
          0,
          -0.18012592196464539,
          0.45318111777305603,
          0.87303006649017334,
          0,
          -0.74503743648529053,
          3.2719953060150146,
          2.0689430236816406,
          1
        ]
      },
      {
        "date" : 714569607.10074604,
        "title" : "Untitled",
        "transform" : [
          0.93927127122879028,
          -1.0261702598768352e-08,
          -0.3431755006313324,
          0,
          -0.11523769050836563,
          0.94193398952484131,
          -0.31540542840957642,
          0,
          0.32324877381324768,
          0.3357977569103241,
          0.88473159074783325,
          0,
          1.2887313365936279,
          2.7972495555877686,
          2.087960958480835,
          1
        ]
      },
      {
        "date" : 714569560.71540701,
        "title" : "Untitled",
        "transform" : [
          0.99714481830596924,
          -1.1480150163833969e-08,
          0.075512051582336426,
          0,
          0.03782263770699501,
          0.86551529169082642,
          -0.49945235252380371,
          0,
          -0.065356768667697906,
          0.50088220834732056,
          0.86304426193237305,
          0,
          -0.27993756532669067,
          3.4674084186553955,
          2.0641047954559326,
          1
        ]
      },
      {
        "date" : 714569552.01557803,
        "title" : "Untitled",
        "transform" : [
          0.99957847595214844,
          -1.1449143855202237e-08,
          0.029030095785856247,
          0,
          0.014291241765022278,
          0.87043040990829468,
          -0.49208378791809082,
          0,
          -0.025268616154789925,
          0.49229109287261963,
          0.87006378173828125,
          0,
          0.048383697867393494,
          2.4181029796600342,
          0.36329221725463867,
          1
        ]
      },
      {
        "date" : 714569539.31900001,
        "title" : "Untitled",
        "transform" : [
          0.99906015396118164,
          -1.2462272991342616e-08,
          -0.043344076722860336,
          0,
          -0.030716046690940857,
          0.70555448532104492,
          -0.70798957347869873,
          0,
          0.03058169037103653,
          0.70865547657012939,
          0.7048916220664978,
          0,
          0.38504207134246826,
          4.925105094909668,
          0.98853945732116699,
          1
        ]
      },
      {
        "date" : 714569532.27018404,
        "title" : "Untitled",
        "transform" : [
          0.99888134002685547,
          -1.2804704851987481e-08,
          0.047285623848438263,
          0,
          0.022642709314823151,
          0.87789660692214966,
          -0.47831445932388306,
          0,
          -0.041511837393045425,
          0.47884997725486755,
          0.87691479921340942,
          0,
          -0.11600341647863388,
          3.3279714584350586,
          2.1840884685516357,
          1
        ]
      },
      {
        "date" : 714569528.21997094,
        "title" : "Untitled",
        "transform" : [
          0.9610554575920105,
          -1.3205376347968922e-08,
          -0.27635595202445984,
          0,
          -0.23688383400440216,
          0.51503467559814453,
          -0.8237871527671814,
          0,
          0.14233300089836121,
          0.85716927051544189,
          0.49497702717781067,
          0,
          0.7065812349319458,
          4.9626460075378418,
          0.77516269683837891,
          1
        ]
      },
      {
        "date" : 714569467.18542802,
        "title" : "Untitled",
        "transform" : [
          0.99979960918426514,
          5.9317235567846183e-09,
          -0.020017281174659729,
          0,
          -0.0097574256360530853,
          0.87315100431442261,
          -0.48735210299491882,
          0,
          0.017478138208389282,
          0.48744973540306091,
          0.87297618389129639,
          0,
          0.24368125200271606,
          2.770967960357666,
          0.94311642646789551,
          1
        ]
      },
      {
        "date" : 714569396.60353303,
        "title" : "Untitled",
        "transform" : [
          0.99994939565658569,
          5.9649343242540454e-09,
          0.01005890779197216,
          0,
          0.0093486597761511803,
          0.36909577250480652,
          -0.92934435606002808,
          0,
          -0.0037126766983419657,
          0.92939138412475586,
          0.36907723546028137,
          0,
          0.18771263957023621,
          2.8561196327209473,
          -0.74434900283813477,
          1
        ]
      }
    ]
  }
}