{
  "advancedEditorSelectedIdentifier" : "ProjectBrowser",
  "openSceneRelativePaths" : [
    "Scene.usda",
    "ImmersiveScene.usda"
  ],
  "recentIdentifiers" : {
    "5D68BDC6-3583-4955-A6D9-24085E6C32FE" : [

    ],
    "DF445915-75B2-422B-B15F-AC9CAB5A5334" : [

    ]
  },
  "sceneCameraHistory" : {
    "5D68BDC6-3583-4955-A6D9-24085E6C32FE" : [
      {
        "date" : 709220696.90337598,
        "title" : "Untitled",
        "transform" : [
          0.9156498908996582,
          -2.9129605394473401e-08,
          0.40197667479515076,
          0,
          0.23795345425605774,
          0.80596864223480225,
          -0.5420265793800354,
          0,
          -0.32398056983947754,
          0.59195828437805176,
          0.73798513412475586,
          0,
          -1.7982590198516846,
          5.9193148612976074,
          5.2196874618530273,
          1
        ]
      },
      {
        "date" : 709220693.20179904,
        "title" : "Untitled",
        "transform" : [
          0.99929487705230713,
          -2.8700460674713213e-08,
          -0.037546217441558838,
          0,
          -0.016955651342868805,
          0.89222311973571777,
          -0.45127642154693604,
          0,
          0.033499613404273987,
          0.45159482955932617,
          0.89159399271011353,
          0,
          0.50003796815872192,
          6.119722843170166,
          5.7854270935058594,
          1
        ]
      },
      {
        "date" : 709220654.768098,
        "title" : "Untitled",
        "transform" : [
          0.99929487705230713,
          -2.3277756611150835e-08,
          -0.037546213716268539,
          0,
          -0.016955645754933357,
          0.892223060131073,
          -0.45127639174461365,
          0,
          0.033499617129564285,
          0.45159485936164856,
          0.8915940523147583,
          0,
          0.38601827621459961,
          3.8043179512023926,
          4.8836636543273926,
          1
        ]
      },
      {
        "date" : 709220652.40906405,
        "title" : "Untitled",
        "transform" : [
          0.99929487705230713,
          -2.3277756611150835e-08,
          -0.037546213716268539,
          0,
          -0.016955645754933357,
          0.892223060131073,
          -0.45127639174461365,
          0,
          0.033499617129564285,
          0.45159485936164856,
          0.8915940523147583,
          0,
          0.73316264152526855,
          5.1343669891357422,
          4.1969470977783203,
          1
        ]
      },
      {
        "date" : 709220632.85580504,
        "title" : "Untitled",
        "transform" : [
          0.99367231130599976,
          -2.2959220302709582e-08,
          0.11231784522533417,
          0,
          0.065194405615329742,
          0.81429910659790039,
          -0.57677257061004639,
          0,
          -0.091460302472114563,
          0.58044540882110596,
          0.80914652347564697,
          0,
          -0.25838279724121094,
          6.8102378845214844,
          4.7122697830200195,
          1
        ]
      },
      {
        "date" : 709220615.46414399,
        "title" : "Untitled",
        "transform" : [
          0.99367231130599976,
          -1.7499317550573323e-08,
          0.11231785267591476,
          0,
          0.065194413065910339,
          0.81429910659790039,
          -0.57677263021469116,
          0,
          -0.09146030992269516,
          0.58044546842575073,
          0.8091464638710022,
          0,
          0.14946112036705017,
          3.2579479217529297,
          2.1213328838348389,
          1
        ]
      },
      {
        "date" : 709220613.86364496,
        "title" : "Untitled",
        "transform" : [
          0.99367231130599976,
          -1.7499317550573323e-08,
          0.11231785267591476,
          0,
          0.065194413065910339,
          0.81429910659790039,
          -0.57677263021469116,
          0,
          -0.09146030992269516,
          0.58044546842575073,
          0.8091464638710022,
          0,
          0.12930160760879517,
          3.3858880996704102,
          2.2996830940246582,
          1
        ]
      },
      {
        "date" : 709220602.25035203,
        "title" : "Untitled",
        "transform" : [
          0.99367231130599976,
          -1.7499317550573323e-08,
          0.11231785267591476,
          0,
          0.065194413065910339,
          0.81429910659790039,
          -0.57677263021469116,
          0,
          -0.09146030992269516,
          0.58044546842575073,
          0.8091464638710022,
          0,
          0.10510262101888657,
          4.5044918060302734,
          1.4945124387741089,
          1
        ]
      },
      {
        "date" : 709220589.05500901,
        "title" : "Untitled",
        "transform" : [
          0.99367231130599976,
          -2.0085263230384953e-08,
          0.11231785267591476,
          0,
          0.065194405615329742,
          0.81429904699325562,
          -0.57677268981933594,
          0,
          -0.091460317373275757,
          0.58044558763504028,
          0.80914652347564697,
          0,
          0.28551545739173889,
          2.7851696014404297,
          0.19372653961181641,
          1
        ]
      },
      {
        "date" : 709220566.78141701,
        "title" : "Untitled",
        "transform" : [
          0.97525632381439209,
          -1.9656358318798084e-08,
          0.22107702493667603,
          0,
          0.14184792339801788,
          0.76702088117599487,
          -0.62574607133865356,
          0,
          -0.1695706844329834,
          0.64162212610244751,
          0.74804198741912842,
          0,
          0.060071647167205811,
          2.9530954360961914,
          0.091172456741333008,
          1
        ]
      }
    ],
    "90C576A0-F90A-43B8-9998-14918A66F863" : [
      {
        "date" : 709220067.32902205,
        "title" : "Untitled",
        "transform" : [
          0.99999994039535522,
          0,
          0,
          0,
          0,
          0.86602538824081421,
          -0.49999994039535522,
          0,
          0,
          0.49999994039535522,
          0.86602538824081421,
          0,
          0,
          0.62578362226486206,
          1.0838892459869385,
          1
        ]
      }
    ],
    "DF445915-75B2-422B-B15F-AC9CAB5A5334" : [
      {
        "date" : 709220985.01477504,
        "title" : "Untitled",
        "transform" : [
          1,
          0,
          0,
          0,
          0,
          0.86602538824081421,
          -0.5,
          0,
          0,
          0.5,
          0.86602538824081421,
          0,
          0.20774881541728973,
          6.928584098815918,
          8.3893976211547852,
          1
        ]
      }
    ]
  },
  "selectedSceneRelativePath" : "ImmersiveScene.usda"
}