{
  "advancedEditorSelectedIdentifier" : "ProjectBrowser",
  "openSceneRelativePaths" : [
    "Scene.usda"
  ],
  "projectBrowserSort" : "kind",
  "recentIdentifiers" : {
    "1A7B4797-F480-43C8-8605-023C4D78F0B6" : [

    ],
    "90C576A0-F90A-43B8-9998-14918A66F863" : [

    ]
  },
  "sceneCameraHistory" : {
    "1A7B4797-F480-43C8-8605-023C4D78F0B6" : [
      {
        "date" : 709186070.98717201,
        "title" : "Untitled",
        "transform" : [
          0.93683689832687378,
          7.0577970134877432e-09,
          -0.34976664185523987,
          0,
          -0.10338780283927917,
          0.9553147554397583,
          -0.27692025899887085,
          0,
          0.33413717150688171,
          0.29559075832366943,
          0.8949739933013916,
          0,
          0.042890165001153946,
          0.030360763892531395,
          0.10279810428619385,
          1
        ]
      },
      {
        "date" : 709186056.51494706,
        "title" : "Untitled",
        "transform" : [
          0.83381670713424683,
          -1.9467236711534497e-09,
          -0.55204141139984131,
          0,
          -0.35923737287521362,
          0.75929772853851318,
          -0.54260075092315674,
          0,
          0.41916373372077942,
          0.65074342489242554,
          0.63311499357223511,
          0,
          0.026097465306520462,
          0.033306732773780823,
          0.046013444662094116,
          1
        ]
      },
      {
        "date" : 709185932.77354801,
        "title" : "Untitled",
        "transform" : [
          0.83381670713424683,
          -1.9467236711534497e-09,
          -0.55204141139984131,
          0,
          -0.35923737287521362,
          0.75929772853851318,
          -0.54260075092315674,
          0,
          0.41916373372077942,
          0.65074342489242554,
          0.63311499357223511,
          0,
          0.04458748921751976,
          0.058236788958311081,
          0.064891770482063293,
          1
        ]
      },
      {
        "date" : 709185927.599563,
        "title" : "Untitled",
        "transform" : [
          0.83381670713424683,
          -1.9467236711534497e-09,
          -0.55204141139984131,
          0,
          -0.35923737287521362,
          0.75929772853851318,
          -0.54260075092315674,
          0,
          0.41916373372077942,
          0.65074342489242554,
          0.63311499357223511,
          0,
          0.15392711758613586,
          0.20565913617610931,
          0.17561529576778412,
          1
        ]
      },
      {
        "date" : 709185910.19754803,
        "title" : "Untitled",
        "transform" : [
          0.83381670713424683,
          -1.9467236711534497e-09,
          -0.55204141139984131,
          0,
          -0.35923737287521362,
          0.75929772853851318,
          -0.54260075092315674,
          0,
          0.41916373372077942,
          0.65074342489242554,
          0.63311499357223511,
          0,
          0.5508495569229126,
          0.73597979545593262,
          0.62846368551254272,
          1
        ]
      },
      {
        "date" : 709185898.663468,
        "title" : "Untitled",
        "transform" : [
          0.71236956119537354,
          -1.8018546654730017e-09,
          0.70180445909500122,
          0,
          0.30029067397117615,
          0.90383380651473999,
          -0.30481138825416565,
          0,
          -0.63431453704833984,
          0.42788374423980713,
          0.6438637375831604,
          0,
          -0.70264285802841187,
          0.47397530078887939,
          0.71322077512741089,
          1
        ]
      },
      {
        "date" : 709185895.08534896,
        "title" : "Untitled",
        "transform" : [
          0.71877545118331909,
          -1.8018546654730017e-09,
          0.69524222612380981,
          0,
          0.29748284816741943,
          0.90383380651473999,
          -0.30755236744880676,
          0,
          -0.6283833384513855,
          0.42788374423980713,
          0.64965361356735229,
          0,
          -0.16041824221611023,
          0.10923322290182114,
          0.1658482551574707,
          1
        ]
      },
      {
        "date" : 709185872.84885597,
        "title" : "Untitled",
        "transform" : [
          0.71877545118331909,
          -1.8018546654730017e-09,
          0.69524222612380981,
          0,
          0.29748284816741943,
          0.90383380651473999,
          -0.30755236744880676,
          0,
          -0.6283833384513855,
          0.42788374423980713,
          0.64965361356735229,
          0,
          -0.16165193915367126,
          0.11007329076528549,
          0.16712372004985809,
          1
        ]
      },
      {
        "date" : 709185827.32932401,
        "title" : "Untitled",
        "transform" : [
          1,
          0,
          -0,
          0,
          -0,
          0.86602538824081421,
          -0.5,
          0,
          0,
          0.5,
          0.86602538824081421,
          0,
          0,
          0.27093476057052612,
          0.46927279233932495,
          1
        ]
      }
    ],
    "90C576A0-F90A-43B8-9998-14918A66F863" : [
      {
        "date" : 709193067.02849698,
        "title" : "Untitled",
        "transform" : [
          -0.017972737550735474,
          -6.0964438830524159e-08,
          -0.99983841180801392,
          0,
          -0.62234598398208618,
          0.78266239166259766,
          0.011186879128217697,
          0,
          0.7825356125831604,
          0.62244665622711182,
          -0.014066954143345356,
          0,
          2.9380276203155518,
          2.6817233562469482,
          -0.091673187911510468,
          1
        ]
      },
      {
        "date" : 709193054.70102704,
        "title" : "Untitled",
        "transform" : [
          0.82922488451004028,
          -6.0605287899306859e-08,
          -0.55891519784927368,
          0,
          -0.41091209650039673,
          0.67785447835922241,
          -0.60964304208755493,
          0,
          0.37886330485343933,
          0.73519629240036011,
          0.56209337711334229,
          0,
          0.83433467149734497,
          3.1315455436706543,
          1.0867605209350586,
          1
        ]
      },
      {
        "date" : 709186360.27974796,
        "title" : "Untitled",
        "transform" : [
          0.82922488451004028,
          -6.0605287899306859e-08,
          -0.55891519784927368,
          0,
          -0.41091209650039673,
          0.67785447835922241,
          -0.60964304208755493,
          0,
          0.37886330485343933,
          0.73519629240036011,
          0.56209337711334229,
          0,
          0.55302137136459351,
          2.0756797790527344,
          0.72033661603927612,
          1
        ]
      },
      {
        "date" : 709186274.26172602,
        "title" : "Untitled",
        "transform" : [
          0.60249960422515869,
          -6.2066675354799372e-08,
          -0.79811906814575195,
          0,
          -0.52600455284118652,
          0.7520943284034729,
          -0.39708074927330017,
          0,
          0.60026103258132935,
          0.65905553102493286,
          0.45313626527786255,
          0,
          1.2892334461212158,
          2.2682137489318848,
          1.0012468099594116,
          1
        ]
      },
      {
        "date" : 709186241.634004,
        "title" : "Untitled",
        "transform" : [
          0.45657572150230408,
          -6.2791237098736019e-08,
          -0.88968449831008911,
          0,
          -0.61938488483428955,
          0.71786242723464966,
          -0.31786131858825684,
          0,
          0.6386711597442627,
          0.69618505239486694,
          0.32775822281837463,
          0,
          1.8153659105300903,
          2.4258930683135986,
          1.0313458442687988,
          1
        ]
      },
      {
        "date" : 709186195.73476899,
        "title" : "Untitled",
        "transform" : [
          0.53849846124649048,
          -5.8973068206569224e-08,
          -0.84262645244598389,
          0,
          -0.74307900667190552,
          0.47151026129722595,
          -0.47488069534301758,
          0,
          0.39730709791183472,
          0.88186067342758179,
          0.25390717387199402,
          0,
          0.7073093056678772,
          2.9683868885040283,
          1.1327052116394043,
          1
        ]
      },
      {
        "date" : 709186189.16733801,
        "title" : "Untitled",
        "transform" : [
          -0.43737953901290894,
          -5.9056620926867254e-08,
          -0.89927703142166138,
          0,
          -0.7847101092338562,
          0.48843380808830261,
          0.38165777921676636,
          0,
          0.43923699855804443,
          0.87260103225708008,
          -0.21363121271133423,
          0,
          1.2792271375656128,
          2.3836476802825928,
          0.071502447128295898,
          1
        ]
      },
      {
        "date" : 709186183.25197101,
        "title" : "Untitled",
        "transform" : [
          0.6015772819519043,
          -7.2687285523898026e-08,
          -0.79881459474563599,
          0,
          -0.41136446595191956,
          0.85720902681350708,
          -0.30979356169700623,
          0,
          0.68475121259689331,
          0.51496881246566772,
          0.51567715406417847,
          0,
          0.95513695478439331,
          1.6435879468917847,
          1.5002191066741943,
          1
        ]
      },
      {
        "date" : 709186165.99145603,
        "title" : "Untitled",
        "transform" : [
          0.13621002435684204,
          -7.137355595432382e-08,
          -0.99067997932434082,
          0,
          -0.86916875839233398,
          0.4798591136932373,
          -0.11950335651636124,
          0,
          0.47538670897483826,
          0.87734568119049072,
          0.065361276268959045,
          0,
          0.88345670700073242,
          2.3599061965942383,
          0.75114446878433228,
          1
        ]
      },
      {
        "date" : 709186154.24511397,
        "title" : "Untitled",
        "transform" : [
          -0.14770065248012543,
          -6.7542330839387432e-08,
          0.98903214931488037,
          0,
          0.5288202166557312,
          0.84505170583724976,
          0.078973345458507538,
          0,
          -0.83578330278396606,
          0.53468471765518188,
          -0.12481435388326645,
          0,
          -1.6200801134109497,
          1.6593458652496338,
          -0.87266635894775391,
          1
        ]
      }
    ],
    "686B0A80-7153-4287-9C7D-B38DB8A0395B" : [
      {
        "date" : 709142899.10647905,
        "title" : "Untitled",
        "transform" : [
          0.39673292636871338,
          -2.4715216540016627e-09,
          -0.91793406009674072,
          0,
          -0.24182455241680145,
          0.96467465162277222,
          -0.10451704263687134,
          0,
          0.88550764322280884,
          0.26344427466392517,
          0.38271823525428772,
          0,
          0.44762644171714783,
          0.11800343543291092,
          0.19389417767524719,
          1
        ]
      },
      {
        "date" : 709142185.150244,
        "title" : "Untitled",
        "transform" : [
          0.068368211388587952,
          -1.5266806485669804e-08,
          -0.99766010046005249,
          0,
          -0.61625617742538452,
          0.78641271591186523,
          -0.042231135070323944,
          0,
          0.78457260131835938,
          0.61770141124725342,
          0.053765624761581421,
          0,
          0.41186895966529846,
          0.30021679401397705,
          0.028619613498449326,
          1
        ]
      },
      {
        "date" : 709142172.73306799,
        "title" : "Untitled",
        "transform" : [
          0.23453821241855621,
          -1.5378372353325176e-08,
          -0.97210687398910522,
          0,
          -0.63842689990997314,
          0.75411230325698853,
          -0.15403191745281219,
          0,
          0.7330777645111084,
          0.65674549341201782,
          0.17686814069747925,
          0,
          0.38712954521179199,
          0.32077622413635254,
          0.093807145953178406,
          1
        ]
      },
      {
        "date" : 709142170.94070804,
        "title" : "Untitled",
        "transform" : [
          0.23453821241855621,
          -1.5378372353325176e-08,
          -0.97210687398910522,
          0,
          -0.63842689990997314,
          0.75411230325698853,
          -0.15403191745281219,
          0,
          0.7330777645111084,
          0.65674549341201782,
          0.17686814069747925,
          0,
          0.48932942748069763,
          0.41233444213867188,
          0.11846469342708588,
          1
        ]
      },
      {
        "date" : 709141987.15175402,
        "title" : "Untitled",
        "transform" : [
          -0.15488223731517792,
          -1.557929074635922e-08,
          -0.98793292045593262,
          0,
          -0.74661660194396973,
          0.65487635135650635,
          0.11705011129379272,
          0,
          0.64697408676147461,
          0.75573611259460449,
          -0.10142875462770462,
          0,
          0.68849945068359375,
          0.77047020196914673,
          -0.10754016041755676,
          1
        ]
      },
      {
        "date" : 709141715.84941399,
        "title" : "Untitled",
        "transform" : [
          -0.99324917793273926,
          -1.907973157244669e-08,
          0.11599988490343094,
          0,
          0.057815633714199066,
          0.86694079637527466,
          0.495046466588974,
          0,
          -0.10056506097316742,
          0.49841102957725525,
          -0.86108839511871338,
          0,
          -0.1044236421585083,
          0.49985343217849731,
          -0.89752316474914551,
          1
        ]
      },
      {
        "date" : 709141700.25369203,
        "title" : "Untitled",
        "transform" : [
          0.89256340265274048,
          -8.8041929302562494e-10,
          -0.45092201232910156,
          0,
          -0.40056601166725159,
          0.45921233296394348,
          -0.79288774728775024,
          0,
          0.20706897974014282,
          0.88832652568817139,
          0.40987613797187805,
          0,
          0.1194615438580513,
          0.49377292394638062,
          0.23692584037780762,
          1
        ]
      },
      {
        "date" : 709141181.524598,
        "title" : "Untitled",
        "transform" : [
          -0.22662927210330963,
          1.913807778919363e-09,
          -0.97398114204406738,
          0,
          -0.70863598585128784,
          0.68603718280792236,
          0.16488784551620483,
          0,
          0.66818732023239136,
          0.72756648063659668,
          -0.15547613799571991,
          0,
          0.37450325489044189,
          0.40255993604660034,
          -0.086927063763141632,
          1
        ]
      },
      {
        "date" : 709141170.93152905,
        "title" : "Untitled",
        "transform" : [
          -0.51967161893844604,
          2.7797639745585911e-09,
          -0.85436612367630005,
          0,
          -0.39473280310630798,
          0.88687032461166382,
          0.24009782075881958,
          0,
          0.75771200656890869,
          0.46201840043067932,
          -0.46088138222694397,
          0,
          0.41910287737846375,
          0.25675052404403687,
          -0.25467598438262939,
          1
        ]
      },
      {
        "date" : 709141148.36848795,
        "title" : "Untitled",
        "transform" : [
          -0.99439895153045654,
          8.3683244156418368e-06,
          -0.10569137334823608,
          0,
          -0.091155819594860077,
          0.50603729486465454,
          0.8576810359954834,
          0,
          0.053490962833166122,
          0.86251163482666016,
          -0.50320225954055786,
          0,
          0.030860954895615578,
          0.48166298866271973,
          -0.29019084572792053,
          1
        ]
      }
    ],
    "631486DE-9950-4CA7-A220-045C6213D412" : [
      {
        "date" : 709143178.34420395,
        "title" : "Untitled",
        "transform" : [
          -0.20440366864204407,
          5.7825149113455154e-09,
          0.97888672351837158,
          0,
          0.4884263277053833,
          0.86662441492080688,
          0.10198947787284851,
          0,
          -0.84832710027694702,
          0.49896100163459778,
          -0.17714130878448486,
          0,
          -0.84157425165176392,
          0.53645682334899902,
          -0.31639641523361206,
          1
        ]
      },
      {
        "date" : 709143155.84118998,
        "title" : "Untitled",
        "transform" : [
          -0.035892859101295471,
          -4.0069529916308966e-09,
          -0.99935561418533325,
          0,
          -0.37032485008239746,
          0.92880707979202271,
          0.013300585560500622,
          0,
          0.92820852994918823,
          0.3705635666847229,
          -0.033337458968162537,
          0,
          1.4393295049667358,
          0.61256164312362671,
          0.086089335381984711,
          1
        ]
      },
      {
        "date" : 709143148.14003503,
        "title" : "Untitled",
        "transform" : [
          0.27277705073356628,
          -3.5452796254276109e-09,
          -0.96207726001739502,
          0,
          -0.18333940207958221,
          0.98167431354522705,
          -0.051982086151838303,
          0,
          0.94444650411605835,
          0.19056612253189087,
          0.26777827739715576,
          0,
          0.56287002563476562,
          0.13143438100814819,
          0.2159612774848938,
          1
        ]
      },
      {
        "date" : 709143137.825948,
        "title" : "Untitled",
        "transform" : [
          -0.17073360085487366,
          3.2119018555931689e-09,
          0.98531723022460938,
          0,
          0.43170487880706787,
          0.89890772104263306,
          0.074804864823818207,
          0,
          -0.88570940494537354,
          0.43813791871070862,
          -0.15347380936145782,
          0,
          -0.5537799596786499,
          0.28570589423179626,
          -0.15099932253360748,
          1
        ]
      },
      {
        "date" : 709143128.97079694,
        "title" : "Untitled",
        "transform" : [
          -0.71625083684921265,
          1.5954810805851594e-09,
          0.69784295558929443,
          0,
          0.23484279215335846,
          0.94167399406433105,
          0.24103753268718719,
          0,
          -0.65714049339294434,
          0.33652663230895996,
          -0.67447477579116821,
          0,
          -0.45542553067207336,
          0.22349989414215088,
          -0.49186253547668457,
          1
        ]
      },
      {
        "date" : 709143011.02900398,
        "title" : "Untitled",
        "transform" : [
          1,
          0,
          -0,
          0,
          -0,
          0.86602538824081421,
          -0.5,
          0,
          0,
          0.5,
          0.86602538824081421,
          0,
          0,
          0.2709352970123291,
          0.46927371621131897,
          1
        ]
      }
    ]
  },
  "selectedSceneRelativePath" : "Scene.usda"
}