{
  "advancedEditorSelectedIdentifier" : "ProjectBrowser",
  "openSceneRelativePaths" : [
    "Scene.usda",
    "Cloud_Chunk.usda",
    "Cloud_A.usda"
  ],
  "projectBrowserSort" : "kind",
  "recentIdentifiers" : {
    "90C576A0-F90A-43B8-9998-14918A66F863" : [

    ]
  },
  "sceneCameraHistory" : {
    "90C576A0-F90A-43B8-9998-14918A66F863" : [
      {
        "date" : 709140140.95369101,
        "title" : "Untitled",
        "transform" : [
          0.81827300786972046,
          -8.6072525107283582e-08,
          0.57482987642288208,
          0,
          0.2775290310382843,
          0.87572950124740601,
          -0.39506375789642334,
          0,
          -0.50339525938034058,
          0.48280200362205505,
          0.71658599376678467,
          0,
          -1.5970163345336914,
          1.9025440216064453,
          2.2410626411437988,
          1
        ]
      },
      {
        "date" : 709140139.17109895,
        "title" : "Untitled",
        "transform" : [
          0.81827312707901001,
          -8.6072532212710939e-08,
          0.57482993602752686,
          0,
          0.27752906084060669,
          0.87572962045669556,
          -0.39506381750106812,
          0,
          -0.50339525938034058,
          0.48280200362205505,
          0.71658599376678467,
          0,
          -0.8765748143196106,
          1.8476979732513428,
          2.7841188907623291,
          1
        ]
      },
      {
        "date" : 709140132.39841902,
        "title" : "Untitled",
        "transform" : [
          0.94767910242080688,
          -9.815333612550603e-08,
          -0.31922462582588196,
          0,
          -0.31903013586997986,
          0.03489965945482254,
          -0.94710177183151245,
          0,
          0.011141035705804825,
          0.99939078092575073,
          0.033073518425226212,
          0,
          0.42177638411521912,
          3.0864577293395996,
          0.69936764240264893,
          1
        ]
      },
      {
        "date" : 709140120.76358497,
        "title" : "Untitled",
        "transform" : [
          0.94767910242080688,
          -9.815333612550603e-08,
          -0.31922462582588196,
          0,
          -0.31903013586997986,
          0.034899599850177765,
          -0.94710177183151245,
          0,
          0.011141017079353333,
          0.99939078092575073,
          0.033073462545871735,
          0,
          0.790130615234375,
          4.9008769989013672,
          0.6332131028175354,
          1
        ]
      },
      {
        "date" : 709140115.60529602,
        "title" : "Untitled",
        "transform" : [
          0.93591982126235962,
          -1.2080994338248274e-07,
          0.35221323370933533,
          0,
          0.12136253714561462,
          0.93876016139984131,
          -0.3224908709526062,
          0,
          -0.33064362406730652,
          0.34457117319107056,
          0.87860441207885742,
          0,
          -1.2002872228622437,
          1.0588561296463013,
          4.7415180206298828,
          1
        ]
      },
      {
        "date" : 709140099.08497906,
        "title" : "Untitled",
        "transform" : [
          0.97713577747344971,
          -1.2874704680143623e-07,
          -0.2126164436340332,
          0,
          -0.21248696744441986,
          0.0348995141685009,
          -0.97654044628143311,
          0,
          0.0074204555712640285,
          0.99939090013504028,
          0.034101460129022598,
          0,
          0.28384557366371155,
          2.1348562240600586,
          0.38365286588668823,
          1
        ]
      },
      {
        "date" : 709140095.04518795,
        "title" : "Untitled",
        "transform" : [
          0.76432967185974121,
          -1.3228016371158446e-07,
          0.64482569694519043,
          0,
          0.45855209231376648,
          0.70306485891342163,
          -0.54353445768356323,
          0,
          -0.45335415005683899,
          0.71112573146820068,
          0.53737348318099976,
          0,
          -0.43052151799201965,
          1.6709160804748535,
          1.0839810371398926,
          1
        ]
      },
      {
        "date" : 709140073.61698198,
        "title" : "Untitled",
        "transform" : [
          0.76432967185974121,
          -1.3228016371158446e-07,
          0.64482569694519043,
          0,
          0.45855209231376648,
          0.70306485891342163,
          -0.54353445768356323,
          0,
          -0.45335415005683899,
          0.71112573146820068,
          0.53737348318099976,
          0,
          -1.2443555593490601,
          2.4218506813049316,
          1.6905661821365356,
          1
        ]
      },
      {
        "date" : 709140061.11656201,
        "title" : "Untitled",
        "transform" : [
          0.94557279348373413,
          -1.2328430898378429e-07,
          0.32541048526763916,
          0,
          0.32521218061447144,
          0.034899577498435974,
          -0.94499689340591431,
          0,
          -0.011356485076248646,
          0.99939084053039551,
          0.033000152558088303,
          0,
          -0.80992400646209717,
          1.2113028764724731,
          0.31597590446472168,
          1
        ]
      },
      {
        "date" : 709140056.30014598,
        "title" : "Untitled",
        "transform" : [
          0.94557279348373413,
          -1.2328430898378429e-07,
          0.32541048526763916,
          0,
          0.32521215081214905,
          0.0348995141685009,
          -0.94499677419662476,
          0,
          -0.011356465518474579,
          0.99939084053039551,
          0.033000096678733826,
          0,
          -0.72182434797286987,
          1.5933326482772827,
          0.32943296432495117,
          1
        ]
      }
    ],
    "686B0A80-7153-4287-9C7D-B38DB8A0395B" : [
      {
        "date" : 709142899.10647905,
        "title" : "Untitled",
        "transform" : [
          0.39673292636871338,
          -2.4715216540016627e-09,
          -0.91793406009674072,
          0,
          -0.24182455241680145,
          0.96467465162277222,
          -0.10451704263687134,
          0,
          0.88550764322280884,
          0.26344427466392517,
          0.38271823525428772,
          0,
          0.44762644171714783,
          0.11800343543291092,
          0.19389417767524719,
          1
        ]
      },
      {
        "date" : 709142185.150244,
        "title" : "Untitled",
        "transform" : [
          0.068368211388587952,
          -1.5266806485669804e-08,
          -0.99766010046005249,
          0,
          -0.61625617742538452,
          0.78641271591186523,
          -0.042231135070323944,
          0,
          0.78457260131835938,
          0.61770141124725342,
          0.053765624761581421,
          0,
          0.41186895966529846,
          0.30021679401397705,
          0.028619613498449326,
          1
        ]
      },
      {
        "date" : 709142172.73306799,
        "title" : "Untitled",
        "transform" : [
          0.23453821241855621,
          -1.5378372353325176e-08,
          -0.97210687398910522,
          0,
          -0.63842689990997314,
          0.75411230325698853,
          -0.15403191745281219,
          0,
          0.7330777645111084,
          0.65674549341201782,
          0.17686814069747925,
          0,
          0.38712954521179199,
          0.32077622413635254,
          0.093807145953178406,
          1
        ]
      },
      {
        "date" : 709142170.94070804,
        "title" : "Untitled",
        "transform" : [
          0.23453821241855621,
          -1.5378372353325176e-08,
          -0.97210687398910522,
          0,
          -0.63842689990997314,
          0.75411230325698853,
          -0.15403191745281219,
          0,
          0.7330777645111084,
          0.65674549341201782,
          0.17686814069747925,
          0,
          0.48932942748069763,
          0.41233444213867188,
          0.11846469342708588,
          1
        ]
      },
      {
        "date" : 709141987.15175402,
        "title" : "Untitled",
        "transform" : [
          -0.15488223731517792,
          -1.557929074635922e-08,
          -0.98793292045593262,
          0,
          -0.74661660194396973,
          0.65487635135650635,
          0.11705011129379272,
          0,
          0.64697408676147461,
          0.75573611259460449,
          -0.10142875462770462,
          0,
          0.68849945068359375,
          0.77047020196914673,
          -0.10754016041755676,
          1
        ]
      },
      {
        "date" : 709141715.84941399,
        "title" : "Untitled",
        "transform" : [
          -0.99324917793273926,
          -1.907973157244669e-08,
          0.11599988490343094,
          0,
          0.057815633714199066,
          0.86694079637527466,
          0.495046466588974,
          0,
          -0.10056506097316742,
          0.49841102957725525,
          -0.86108839511871338,
          0,
          -0.1044236421585083,
          0.49985343217849731,
          -0.89752316474914551,
          1
        ]
      },
      {
        "date" : 709141700.25369203,
        "title" : "Untitled",
        "transform" : [
          0.89256340265274048,
          -8.8041929302562494e-10,
          -0.45092201232910156,
          0,
          -0.40056601166725159,
          0.45921233296394348,
          -0.79288774728775024,
          0,
          0.20706897974014282,
          0.88832652568817139,
          0.40987613797187805,
          0,
          0.1194615438580513,
          0.49377292394638062,
          0.23692584037780762,
          1
        ]
      },
      {
        "date" : 709141181.524598,
        "title" : "Untitled",
        "transform" : [
          -0.22662927210330963,
          1.913807778919363e-09,
          -0.97398114204406738,
          0,
          -0.70863598585128784,
          0.68603718280792236,
          0.16488784551620483,
          0,
          0.66818732023239136,
          0.72756648063659668,
          -0.15547613799571991,
          0,
          0.37450325489044189,
          0.40255993604660034,
          -0.086927063763141632,
          1
        ]
      },
      {
        "date" : 709141170.93152905,
        "title" : "Untitled",
        "transform" : [
          -0.51967161893844604,
          2.7797639745585911e-09,
          -0.85436612367630005,
          0,
          -0.39473280310630798,
          0.88687032461166382,
          0.24009782075881958,
          0,
          0.75771200656890869,
          0.46201840043067932,
          -0.46088138222694397,
          0,
          0.41910287737846375,
          0.25675052404403687,
          -0.25467598438262939,
          1
        ]
      },
      {
        "date" : 709141148.36848795,
        "title" : "Untitled",
        "transform" : [
          -0.99439895153045654,
          8.3683244156418368e-06,
          -0.10569137334823608,
          0,
          -0.091155819594860077,
          0.50603729486465454,
          0.8576810359954834,
          0,
          0.053490962833166122,
          0.86251163482666016,
          -0.50320225954055786,
          0,
          0.030860954895615578,
          0.48166298866271973,
          -0.29019084572792053,
          1
        ]
      }
    ],
    "631486DE-9950-4CA7-A220-045C6213D412" : [
      {
        "date" : 709143178.34420395,
        "title" : "Untitled",
        "transform" : [
          -0.20440366864204407,
          5.7825149113455154e-09,
          0.97888672351837158,
          0,
          0.4884263277053833,
          0.86662441492080688,
          0.10198947787284851,
          0,
          -0.84832710027694702,
          0.49896100163459778,
          -0.17714130878448486,
          0,
          -0.84157425165176392,
          0.53645682334899902,
          -0.31639641523361206,
          1
        ]
      },
      {
        "date" : 709143155.84118998,
        "title" : "Untitled",
        "transform" : [
          -0.035892859101295471,
          -4.0069529916308966e-09,
          -0.99935561418533325,
          0,
          -0.37032485008239746,
          0.92880707979202271,
          0.013300585560500622,
          0,
          0.92820852994918823,
          0.3705635666847229,
          -0.033337458968162537,
          0,
          1.4393295049667358,
          0.61256164312362671,
          0.086089335381984711,
          1
        ]
      },
      {
        "date" : 709143148.14003503,
        "title" : "Untitled",
        "transform" : [
          0.27277705073356628,
          -3.5452796254276109e-09,
          -0.96207726001739502,
          0,
          -0.18333940207958221,
          0.98167431354522705,
          -0.051982086151838303,
          0,
          0.94444650411605835,
          0.19056612253189087,
          0.26777827739715576,
          0,
          0.56287002563476562,
          0.13143438100814819,
          0.2159612774848938,
          1
        ]
      },
      {
        "date" : 709143137.825948,
        "title" : "Untitled",
        "transform" : [
          -0.17073360085487366,
          3.2119018555931689e-09,
          0.98531723022460938,
          0,
          0.43170487880706787,
          0.89890772104263306,
          0.074804864823818207,
          0,
          -0.88570940494537354,
          0.43813791871070862,
          -0.15347380936145782,
          0,
          -0.5537799596786499,
          0.28570589423179626,
          -0.15099932253360748,
          1
        ]
      },
      {
        "date" : 709143128.97079694,
        "title" : "Untitled",
        "transform" : [
          -0.71625083684921265,
          1.5954810805851594e-09,
          0.69784295558929443,
          0,
          0.23484279215335846,
          0.94167399406433105,
          0.24103753268718719,
          0,
          -0.65714049339294434,
          0.33652663230895996,
          -0.67447477579116821,
          0,
          -0.45542553067207336,
          0.22349989414215088,
          -0.49186253547668457,
          1
        ]
      },
      {
        "date" : 709143011.02900398,
        "title" : "Untitled",
        "transform" : [
          1,
          0,
          -0,
          0,
          -0,
          0.86602538824081421,
          -0.5,
          0,
          0,
          0.5,
          0.86602538824081421,
          0,
          0,
          0.2709352970123291,
          0.46927371621131897,
          1
        ]
      }
    ]
  },
  "selectedSceneRelativePath" : "Scene.usda"
}