{
  "advancedEditorSelectedIdentifier" : "ProjectBrowser",
  "openSceneRelativePaths" : [
    "Scene.usda"
  ],
  "projectBrowserSort" : "kind",
  "recentIdentifiers" : {
    "90C576A0-F90A-43B8-9998-14918A66F863" : [

    ]
  },
  "sceneCameraHistory" : {
    "90C576A0-F90A-43B8-9998-14918A66F863" : [
      {
        "date" : 709182026.82095003,
        "title" : "Untitled",
        "transform" : [
          0.70504838228225708,
          -6.5941449634010496e-08,
          0.709159255027771,
          0,
          0.23092377185821533,
          0.94549721479415894,
          -0.22958511114120483,
          0,
          -0.67050772905349731,
          0.32563045620918274,
          0.66662144660949707,
          0,
          -2.4592478275299072,
          2.0221817493438721,
          2.6964983940124512,
          1
        ]
      },
      {
        "date" : 709175445.89346802,
        "title" : "Untitled",
        "transform" : [
          0.70659410953521729,
          -6.8519575791015086e-08,
          0.70761913061141968,
          0,
          0.34351325035095215,
          0.87426483631134033,
          -0.34301561117172241,
          0,
          -0.61864614486694336,
          0.48544946312904358,
          0.61775052547454834,
          0,
          -2.285977840423584,
          2.5002403259277344,
          2.5322401523590088,
          1
        ]
      },
      {
        "date" : 709143502.53489995,
        "title" : "Untitled",
        "transform" : [
          0.70316475629806519,
          -6.9010660297408322e-08,
          0.71102702617645264,
          0,
          0.30889707803726196,
          0.90070182085037231,
          -0.30548134446144104,
          0,
          -0.6404229998588562,
          0.43443793058395386,
          0.63334190845489502,
          0,
          -1.8950161933898926,
          2.0360033512115479,
          2.1279010772705078,
          1
        ]
      },
      {
        "date" : 709143495.81489301,
        "title" : "Untitled",
        "transform" : [
          0.77184867858886719,
          -6.7101424860993575e-08,
          0.63580632209777832,
          0,
          0.31878945231437683,
          0.8652191162109375,
          -0.38700017333030701,
          0,
          -0.55011147260665894,
          0.50139397382736206,
          0.66781836748123169,
          0,
          -1.0720160007476807,
          1.9631873369216919,
          1.5454941987991333,
          1
        ]
      },
      {
        "date" : 709143489.59072804,
        "title" : "Untitled",
        "transform" : [
          0.93871444463729858,
          -7.0303087795764441e-08,
          -0.3446958065032959,
          0,
          -0.2171606719493866,
          0.77658969163894653,
          -0.59139639139175415,
          0,
          0.26768755912780762,
          0.63000679016113281,
          0.72899574041366577,
          0,
          1.7467391490936279,
          2.279721736907959,
          2.824183464050293,
          1
        ]
      },
      {
        "date" : 709143477.54810703,
        "title" : "Untitled",
        "transform" : [
          0.10721083730459213,
          -7.085336761747385e-08,
          -0.99423635005950928,
          0,
          -0.63237679004669189,
          0.77165389060974121,
          -0.068190731108188629,
          0,
          0.76720631122589111,
          0.63604283332824707,
          0.082729250192642212,
          0,
          2.3764116764068604,
          2.3819241523742676,
          0.33067390322685242,
          1
        ]
      },
      {
        "date" : 709143476.27434003,
        "title" : "Untitled",
        "transform" : [
          0.10721083730459213,
          -7.085336761747385e-08,
          -0.99423635005950928,
          0,
          -0.63237679004669189,
          0.77165389060974121,
          -0.068190731108188629,
          0,
          0.76720631122589111,
          0.63604283332824707,
          0.082729250192642212,
          0,
          2.1615269184112549,
          2.2037770748138428,
          0.30750259757041931,
          1
        ]
      },
      {
        "date" : 709143467.24824297,
        "title" : "Untitled",
        "transform" : [
          0.10721083730459213,
          -7.085336761747385e-08,
          -0.99423635005950928,
          0,
          -0.63237679004669189,
          0.77165389060974121,
          -0.068190731108188629,
          0,
          0.76720631122589111,
          0.63604283332824707,
          0.082729250192642212,
          0,
          2.1547527313232422,
          2.1981611251831055,
          0.30677211284637451,
          1
        ]
      },
      {
        "date" : 709143458.46841598,
        "title" : "Untitled",
        "transform" : [
          -0.22385202348232269,
          -7.0987432820857066e-08,
          0.97462314367294312,
          0,
          0.65973955392837524,
          0.73605883121490479,
          0.15152941644191742,
          0,
          -0.71737992763519287,
          0.6769176721572876,
          -0.16476789116859436,
          0,
          -1.9842684268951416,
          2.3127889633178711,
          -0.53166580200195312,
          1
        ]
      },
      {
        "date" : 709143456.07773197,
        "title" : "Untitled",
        "transform" : [
          -0.22385202348232269,
          -7.0987432820857066e-08,
          0.97462314367294312,
          0,
          0.65973955392837524,
          0.73605883121490479,
          0.15152941644191742,
          0,
          -0.71737992763519287,
          0.6769176721572876,
          -0.16476789116859436,
          0,
          -2.0401861667633057,
          2.2164580821990967,
          -0.68396580219268799,
          1
        ]
      }
    ],
    "686B0A80-7153-4287-9C7D-B38DB8A0395B" : [
      {
        "date" : 709142899.10647905,
        "title" : "Untitled",
        "transform" : [
          0.39673292636871338,
          -2.4715216540016627e-09,
          -0.91793406009674072,
          0,
          -0.24182455241680145,
          0.96467465162277222,
          -0.10451704263687134,
          0,
          0.88550764322280884,
          0.26344427466392517,
          0.38271823525428772,
          0,
          0.44762644171714783,
          0.11800343543291092,
          0.19389417767524719,
          1
        ]
      },
      {
        "date" : 709142185.150244,
        "title" : "Untitled",
        "transform" : [
          0.068368211388587952,
          -1.5266806485669804e-08,
          -0.99766010046005249,
          0,
          -0.61625617742538452,
          0.78641271591186523,
          -0.042231135070323944,
          0,
          0.78457260131835938,
          0.61770141124725342,
          0.053765624761581421,
          0,
          0.41186895966529846,
          0.30021679401397705,
          0.028619613498449326,
          1
        ]
      },
      {
        "date" : 709142172.73306799,
        "title" : "Untitled",
        "transform" : [
          0.23453821241855621,
          -1.5378372353325176e-08,
          -0.97210687398910522,
          0,
          -0.63842689990997314,
          0.75411230325698853,
          -0.15403191745281219,
          0,
          0.7330777645111084,
          0.65674549341201782,
          0.17686814069747925,
          0,
          0.38712954521179199,
          0.32077622413635254,
          0.093807145953178406,
          1
        ]
      },
      {
        "date" : 709142170.94070804,
        "title" : "Untitled",
        "transform" : [
          0.23453821241855621,
          -1.5378372353325176e-08,
          -0.97210687398910522,
          0,
          -0.63842689990997314,
          0.75411230325698853,
          -0.15403191745281219,
          0,
          0.7330777645111084,
          0.65674549341201782,
          0.17686814069747925,
          0,
          0.48932942748069763,
          0.41233444213867188,
          0.11846469342708588,
          1
        ]
      },
      {
        "date" : 709141987.15175402,
        "title" : "Untitled",
        "transform" : [
          -0.15488223731517792,
          -1.557929074635922e-08,
          -0.98793292045593262,
          0,
          -0.74661660194396973,
          0.65487635135650635,
          0.11705011129379272,
          0,
          0.64697408676147461,
          0.75573611259460449,
          -0.10142875462770462,
          0,
          0.68849945068359375,
          0.77047020196914673,
          -0.10754016041755676,
          1
        ]
      },
      {
        "date" : 709141715.84941399,
        "title" : "Untitled",
        "transform" : [
          -0.99324917793273926,
          -1.907973157244669e-08,
          0.11599988490343094,
          0,
          0.057815633714199066,
          0.86694079637527466,
          0.495046466588974,
          0,
          -0.10056506097316742,
          0.49841102957725525,
          -0.86108839511871338,
          0,
          -0.1044236421585083,
          0.49985343217849731,
          -0.89752316474914551,
          1
        ]
      },
      {
        "date" : 709141700.25369203,
        "title" : "Untitled",
        "transform" : [
          0.89256340265274048,
          -8.8041929302562494e-10,
          -0.45092201232910156,
          0,
          -0.40056601166725159,
          0.45921233296394348,
          -0.79288774728775024,
          0,
          0.20706897974014282,
          0.88832652568817139,
          0.40987613797187805,
          0,
          0.1194615438580513,
          0.49377292394638062,
          0.23692584037780762,
          1
        ]
      },
      {
        "date" : 709141181.524598,
        "title" : "Untitled",
        "transform" : [
          -0.22662927210330963,
          1.913807778919363e-09,
          -0.97398114204406738,
          0,
          -0.70863598585128784,
          0.68603718280792236,
          0.16488784551620483,
          0,
          0.66818732023239136,
          0.72756648063659668,
          -0.15547613799571991,
          0,
          0.37450325489044189,
          0.40255993604660034,
          -0.086927063763141632,
          1
        ]
      },
      {
        "date" : 709141170.93152905,
        "title" : "Untitled",
        "transform" : [
          -0.51967161893844604,
          2.7797639745585911e-09,
          -0.85436612367630005,
          0,
          -0.39473280310630798,
          0.88687032461166382,
          0.24009782075881958,
          0,
          0.75771200656890869,
          0.46201840043067932,
          -0.46088138222694397,
          0,
          0.41910287737846375,
          0.25675052404403687,
          -0.25467598438262939,
          1
        ]
      },
      {
        "date" : 709141148.36848795,
        "title" : "Untitled",
        "transform" : [
          -0.99439895153045654,
          8.3683244156418368e-06,
          -0.10569137334823608,
          0,
          -0.091155819594860077,
          0.50603729486465454,
          0.8576810359954834,
          0,
          0.053490962833166122,
          0.86251163482666016,
          -0.50320225954055786,
          0,
          0.030860954895615578,
          0.48166298866271973,
          -0.29019084572792053,
          1
        ]
      }
    ],
    "631486DE-9950-4CA7-A220-045C6213D412" : [
      {
        "date" : 709143178.34420395,
        "title" : "Untitled",
        "transform" : [
          -0.20440366864204407,
          5.7825149113455154e-09,
          0.97888672351837158,
          0,
          0.4884263277053833,
          0.86662441492080688,
          0.10198947787284851,
          0,
          -0.84832710027694702,
          0.49896100163459778,
          -0.17714130878448486,
          0,
          -0.84157425165176392,
          0.53645682334899902,
          -0.31639641523361206,
          1
        ]
      },
      {
        "date" : 709143155.84118998,
        "title" : "Untitled",
        "transform" : [
          -0.035892859101295471,
          -4.0069529916308966e-09,
          -0.99935561418533325,
          0,
          -0.37032485008239746,
          0.92880707979202271,
          0.013300585560500622,
          0,
          0.92820852994918823,
          0.3705635666847229,
          -0.033337458968162537,
          0,
          1.4393295049667358,
          0.61256164312362671,
          0.086089335381984711,
          1
        ]
      },
      {
        "date" : 709143148.14003503,
        "title" : "Untitled",
        "transform" : [
          0.27277705073356628,
          -3.5452796254276109e-09,
          -0.96207726001739502,
          0,
          -0.18333940207958221,
          0.98167431354522705,
          -0.051982086151838303,
          0,
          0.94444650411605835,
          0.19056612253189087,
          0.26777827739715576,
          0,
          0.56287002563476562,
          0.13143438100814819,
          0.2159612774848938,
          1
        ]
      },
      {
        "date" : 709143137.825948,
        "title" : "Untitled",
        "transform" : [
          -0.17073360085487366,
          3.2119018555931689e-09,
          0.98531723022460938,
          0,
          0.43170487880706787,
          0.89890772104263306,
          0.074804864823818207,
          0,
          -0.88570940494537354,
          0.43813791871070862,
          -0.15347380936145782,
          0,
          -0.5537799596786499,
          0.28570589423179626,
          -0.15099932253360748,
          1
        ]
      },
      {
        "date" : 709143128.97079694,
        "title" : "Untitled",
        "transform" : [
          -0.71625083684921265,
          1.5954810805851594e-09,
          0.69784295558929443,
          0,
          0.23484279215335846,
          0.94167399406433105,
          0.24103753268718719,
          0,
          -0.65714049339294434,
          0.33652663230895996,
          -0.67447477579116821,
          0,
          -0.45542553067207336,
          0.22349989414215088,
          -0.49186253547668457,
          1
        ]
      },
      {
        "date" : 709143011.02900398,
        "title" : "Untitled",
        "transform" : [
          1,
          0,
          -0,
          0,
          -0,
          0.86602538824081421,
          -0.5,
          0,
          0,
          0.5,
          0.86602538824081421,
          0,
          0,
          0.2709352970123291,
          0.46927371621131897,
          1
        ]
      }
    ]
  },
  "selectedSceneRelativePath" : "Scene.usda"
}